+1 
+1 
+1 
+1 8:1 11:1 
+1 
+1 
+1 
+1 
+1 8:1 55:1 
+1 
+1 
+1 
+1 
+1 
+1 
+1 
+1 8:1 
+1 18:1 
+1 
+1 
+1 
+1 
+1 17:1 59:1 
+1 
+1 
+1 
+1 
+1 
+1 8:1 49:1 
+1 
+1 
+1 
+1 58:1 
+1 7:1 
+1 
+1 
+1 8:2 53:1 
+1 
+1 
+1 
+1 
+1 
+1 
+1 
+1 
+1 
+1 8:1 49:1 
+1 
+1 
+1 
+1 
+1 
+1 
+1 
+1 
+1 
+1 20:1 
+1 
+1 
+1 
+1 
+1 
+1 
+1 
+1 
+1 6:1 
+1 
+1 
+1 
+1 
+1 
+1 
+1 
+1 
+1 27:1 
+1 
+1 
+1 
+1 
+1 
+1 8:1 49:1 
+1 
+1 
+1 
+1 58:1 
+1 
+1 
+1 
+1 
+1 
+1 
+1 
+1 
+1 
+1 
+1 27:1 
+1 
+1 
+1 21:1 
+1 
+1 
+1 
+1 7:1 
+1 
+1 
+1 
+1 
+1 
+1 
+1 
+1 
+1 12:1 
+1 
+1 
+1 
+1 
+1 
+1 16:1 
+1 
+1 
+1 
+1 58:1 
+1 58:1 
+1 
+1 
+1 8:1 54:1 
+1 
+1 
+1 
+1 
+1 
+1 
+1 
+1 
+1 
+1 
+1 
+1 
+1 
+1 
+1 
+1 
+1 
+1 
+1 
+1 
+1 23:1 
+1 
+1 
+1 
+1 
+1 6:1 7:1 12:1 28:1 
+1 
+1 7:1 
+1 
+1 27:1 
+1 
+1 28:1 44:1 
+1 8:1 13:1 51:1 
+1 
+1 
+1 
+1 34:1 
+1 
+1 
+1 
+1 
+1 
+1 
+1 
+1 
+1 
+1 
+1 
+1 
+1 
+1 
+1 27:1 
+1 
+1 8:1 11:1 
+1 
+1 
+1 9:1 
+1 
+1 
+1 41:1 51:1 
+1 8:1 51:1 
+1 25:1 63:1 
+1 
+1 
+1 
+1 
+1 
+1 
+1 13:1 
+1 
+1 
+1 
+1 19:1 43:1 
+1 
+1 
+1 
+1 8:1 53:1 
+1 
+1 
+1 1:1 
+1 
+1 
+1 
+1 
+1 
+1 
+1 28:1 
+1 
+1 
+1 6:1 11:1 
+1 
+1 
+1 
+1 20:1 
+1 
+1 
+1 
+1 
+1 
+1 14:1 
+1 
+1 
+1 
+1 
+1 31:1 
+1 
+1 7:1 8:1 49:1 62:1 
+1 
+1 
+1 
+1 31:1 
+1 
+1 
+1 
+1 
+1 
+1 
+1 46:1 
+1 36:1 
+1 
+1 26:1 
+1 
+1 
+1 
+1 
+1 
+1 
+1 
+1 
+1 
+1 61:1 
+1 26:1 
+1 52:1 
+1 
+1 
+1 
+1 6:1 
+1 
+1 
+1 
+1 
+1 
+1 
+1 
+1 
+1 
+1 
+1 
+1 
+1 
+1 
+1 
+1 
+1 
+1 6:1 
+1 
+1 
+1 
+1 
+1 
+1 62:1 
+1 
+1 
+1 
+1 
+1 
+1 
+1 
+1 14:1 16:1 37:1 
+1 
+1 13:1 
+1 
+1 
+1 
+1 
+1 
+1 
+1 8:1 52:1 
+1 
+1 
+1 
+1 
+1 
+1 34:1 
+1 
+1 
+1 
+1 
+1 
+1 
+1 
+1 25:1 
+1 
+1 
+1 15:1 
+1 
+1 
+1 
+1 
+1 
+1 
+1 
+1 
+1 
+1 
+1 
+1 
+1 
+1 
+1 
+1 
+1 
+1 
+1 
+1 
+1 
+1 
+1 
+1 
+1 
+1 
+1 
+1 
+1 
+1 
+1 
+1 50:1 61:1 
+1 
+1 
+1 
+1 
+1 
+1 
+1 
+1 
+1 
+1 
+1 
+1 
+1 
+1 
+1 
+1 
+1 
+1 
+1 
+1 
+1 
+1 
+1 
+1 
+1 
+1 
+1 
+1 15:1 
+1 
+1 
+1 8:1 49:1 63:1 
+1 22:1 
+1 
+1 
+1 
+1 
+1 
+1 
+1 
+1 
+1 
+1 
+1 
+1 
+1 
+1 
+1 
+1 
+1 1:1 8:1 
+1 
+1 
+1 
+1 
+1 
+1 
+1 
+1 
+1 
+1 
+1 
+1 
+1 
+1 
+1 
+1 
+1 
+1 
+1 
+1 10:1 
+1 
+1 
+1 
+1 
+1 
+1 
+1 
+1 
+1 
+1 
+1 
+1 
+1 
+1 
+1 
+1 51:1 56:1 
+1 
+1 
+1 49:1 
+1 
+1 
+1 
+1 
+1 
+1 
+1 
+1 
+1 
+1 
+1 
+1 
+1 
+1 
+1 
+1 41:1 51:1 
+1 
+1 
+1 
+1 
+1 
+1 
+1 
+1 
+1 
+1 
+1 8:1 
+1 
+1 
+1 
+1 
+1 
+1 
+1 
+1 
+1 
+1 
+1 
+1 
+1 
+1 
+1 
+1 
+1 
+1 
+1 
+1 
+1 
+1 
+1 
+1 
+1 8:1 
+1 
+1 
+1 
+1 
+1 
+1 
+1 
+1 
+1 
+1 
+1 
+1 
+1 
+1 8:1 52:1 
+1 
+1 
+1 
+1 
+1 
+1 
+1 
+1 
+1 
+1 
+1 
+1 29:1 54:1 
+1 
+1 
+1 
+1 
+1 
+1 
+1 
+1 15:1 
+1 
+1 
+1 44:1 
+1 
+1 
+1 
+1 
+1 
+1 
+1 
+1 
+1 
+1 12:1 44:1 
+1 
+1 
+1 
+1 
+1 32:1 
+1 
+1 
+1 
+1 
+1 
+1 
+1 
+1 
+1 
+1 
+1 
+1 
+1 
+1 46:1 
+1 
+1 
+1 
+1 45:1 
+1 
+1 
+1 14:1 
+1 
+1 
+1 49:1 
+1 
+1 
+1 
+1 
+1 
+1 
+1 21:1 
+1 
+1 
+1 
+1 
+1 
+1 
+1 
+1 
+1 
+1 
+1 
+1 
+1 
+1 10:1 
+1 
+1 
+1 
+1 
+1 
+1 
+1 
+1 
+1 
+1 
+1 
+1 
+1 
+1 
+1 
+1 9:1 
+1 
+1 
+1 
+1 
+1 
+1 18:1 
+1 
+1 
+1 
+1 
+1 
+1 
+1 
+1 
+1 9:1 
+1 
+1 
+1 
+1 
+1 
+1 
+1 
+1 
+1 
+1 
+1 
+1 
+1 
+1 
+1 
+1 9:1 
+1 
+1 
+1 
+1 
+1 
+1 36:1 
+1 
+1 
+1 
+1 
+1 
+1 
+1 
+1 
+1 
+1 
+1 
+1 
+1 
+1 
+1 
+1 9:1 
+1 
+1 31:1 47:1 
+1 
+1 56:1 
+1 7:1 
+1 
+1 34:1 
+1 30:1 
+1 
+1 
+1 
+1 
+1 
+1 
+1 
+1 
+1 
+1 
+1 
+1 
+1 
+1 
+1 8:1 
+1 
+1 
+1 
+1 
+1 
+1 
+1 
+1 
+1 15:1 
+1 
+1 
+1 16:1 36:1 
+1 
+1 
+1 
+1 
+1 
+1 
+1 
+1 
+1 41:1 50:1 
+1 29:1 
+1 
+1 
+1 
+1 
+1 
+1 
+1 
+1 
+1 
+1 
+1 
+1 
+1 
+1 
+1 7:1 
+1 49:1 61:1 
+1 
+1 
+1 
+1 
+1 
+1 
+1 
+1 
+1 
+1 
+1 
+1 
+1 
+1 
+1 
+1 9:1 
+1 
+1 
+1 
+1 
+1 
+1 
+1 
+1 
+1 
+1 
+1 
+1 16:1 
+1 
+1 
+1 
+1 
+1 17:1 
+1 
+1 
+1 
+1 
+1 
+1 
+1 
+1 
+1 
+1 
+1 
+1 
+1 19:1 
+1 
+1 
+1 
+1 
+1 
+1 
+1 
+1 7:1 45:1 
+1 
+1 
+1 
+1 
+1 
+1 
+1 
+1 
+1 
+1 
+1 
+1 
+1 41:1 
+1 
+1 
+1 
+1 
+1 
+1 
+1 
+1 17:1 59:1 
+1 48:1 
+1 
+1 
+1 
+1 
+1 
+1 
+1 
+1 
+1 
+1 
+1 
+1 
+1 
+1 
+1 
+1 
+1 
+1 
+1 
+1 
+1 11:1 
+1 
+1 
+1 
+1 
+1 
+1 8:1 55:1 
+1 
+1 
+1 9:1 
+1 
+1 
+1 
+1 
+1 19:1 
+1 
+1 
+1 
+1 
+1 
+1 
+1 
+1 
+1 
+1 
+1 55:1 
+1 
+1 
+1 23:1 
+1 
+1 
+1 
+1 
+1 
+1 
+1 
+1 
+1 
+1 
+1 23:1 26:1 
+1 
+1 
+1 
+1 
+1 
+1 
+1 
+1 8:1 53:1 
+1 
+1 
+1 
+1 
+1 
+1 
+1 
+1 
+1 9:1 19:1 
+1 
+1 
+1 
+1 
+1 
+1 
+1 
+1 
+1 17:1 59:1 
+1 
+1 
+1 
+1 
+1 
+1 
+1 
+1 
+1 7:1 
+1 
+1 
+1 
+1 
+1 
+1 
+1 
+1 58:1 
+1 
+1 
+1 
+1 
+1 
+1 
+1 
+1 
+1 
+1 
+1 
+1 
+1 
+1 
+1 
+1 
+1 
+1 
+1 
+1 
+1 
+1 28:1 
+1 
+1 
+1 
+1 8:1 10:1 49:1 
+1 
+1 
+1 
+1 
+1 
+1 8:1 49:1 
+1 
+1 
+1 
+1 
+1 8:1 49:1 
+1 8:1 
+1 
+1 
+1 54:1 
+1 
+1 
+1 
+1 
+1 
+1 
+1 
+1 
+1 26:1 
+1 
+1 
+1 
+1 
+1 
+1 26:1 
+1 25:1 
+1 
+1 
+1 
+1 
+1 
+1 
+1 
+1 23:1 
+1 8:2 23:1 51:1 52:1 63:1 
+1 
+1 
+1 
+1 
-1 18:1 
-1 
-1 
-1 
-1 
-1 
-1 
-1 
-1 
-1 
-1 
-1 
-1 
-1 
-1 
-1 
-1 
-1 
-1 
-1 
-1 
-1 
-1 
-1 
-1 
-1 
-1 
-1 
-1 
-1 
-1 
-1 
-1 
-1 
-1 
-1 
-1 
-1 
-1 
-1 
-1 
-1 
-1 
-1 
-1 
-1 
-1 
-1 
-1 
-1 
-1 
-1 
-1 
-1 
-1 
-1 
-1 
-1 
-1 
-1 
-1 
-1 
-1 
-1 
-1 
-1 
-1 
-1 
-1 
-1 39:1 
-1 
-1 
-1 
-1 4:1 
-1 
-1 
-1 
-1 28:1 
-1 
-1 
-1 
-1 
-1 
-1 
-1 9:1 
-1 
-1 
-1 
-1 
-1 
-1 
-1 
-1 
-1 
-1 
-1 
-1 
-1 
-1 
-1 
-1 
-1 
-1 29:1 
-1 
-1 
-1 
-1 
-1 
-1 
-1 8:2 54:1 
-1 
-1 
-1 
-1 8:1 
-1 49:1 57:1 
-1 
-1 
-1 
-1 
-1 
-1 
-1 
-1 
-1 
-1 
-1 
-1 
-1 
-1 
-1 
-1 8:1 55:1 
-1 
-1 17:1 59:1 
-1 12:1 
-1 
-1 
-1 
-1 
-1 
-1 
-1 
-1 31:1 
-1 29:1 55:1 
-1 
-1 
-1 
-1 
-1 
-1 
-1 
-1 
-1 
-1 
-1 
-1 8:1 49:1 62:1 
-1 
-1 
-1 
-1 
-1 
-1 
-1 
-1 
-1 
-1 
-1 
-1 
-1 
-1 
-1 
-1 
-1 10:2 
-1 
-1 
-1 
-1 
-1 
-1 
-1 
-1 
-1 
-1 8:3 49:2 
-1 
-1 
-1 
-1 
-1 
-1 
-1 1:1 
-1 
-1 
-1 
-1 
-1 
-1 
-1 
-1 
-1 
-1 
-1 
-1 
-1 
-1 13:1 
-1 
-1 
-1 
-1 
-1 
-1 
-1 
-1 3:1 23:1 
-1 
-1 
-1 
-1 39:1 
-1 
-1 
-1 
-1 
-1 
-1 
-1 
-1 
-1 
-1 
-1 
-1 
-1 
-1 
-1 
-1 
-1 23:1 
-1 
-1 
-1 8:3 36:1 49:1 
-1 
-1 
-1 
-1 
-1 
-1 
-1 
-1 
-1 54:1 
-1 
-1 
-1 
-1 
-1 
-1 
-1 
-1 
-1 
-1 
-1 23:1 
-1 
-1 
-1 
-1 
-1 
-1 
-1 
-1 
-1 
-1 
-1 
-1 
-1 
-1 
-1 
-1 
-1 
-1 
-1 
-1 
-1 
-1 
-1 
-1 
-1 
-1 
-1 
-1 
-1 20:2 23:1 
-1 
-1 
-1 
-1 
-1 
-1 
-1 
-1 
-1 
-1 
-1 
-1 
-1 
-1 
-1 
-1 
-1 
-1 
-1 
-1 29:1 
-1 
-1 
-1 
-1 
-1 
-1 
-1 
-1 
-1 
-1 
-1 
-1 
-1 
-1 
-1 
-1 
-1 
-1 
-1 
-1 
-1 
-1 
-1 
-1 
-1 
-1 
-1 
-1 
-1 
-1 55:1 
-1 
-1 
-1 
-1 
-1 
-1 
-1 
-1 
-1 
-1 
-1 
-1 
-1 
-1 
-1 
-1 
-1 28:1 
-1 
-1 
-1 
-1 
-1 
-1 
-1 
-1 
-1 
-1 
-1 20:1 
-1 
-1 
-1 
-1 
-1 
-1 
-1 
-1 
-1 
-1 
-1 
-1 
-1 
-1 8:2 49:1 53:1 
-1 
-1 
-1 
-1 
-1 
-1 
-1 
-1 
-1 8:1 37:1 49:1 62:1 
-1 
-1 
-1 
-1 51:1 
-1 
-1 31:1 
-1 
-1 
-1 
-1 
-1 
-1 
-1 
-1 
-1 51:1 
-1 
-1 
-1 
-1 
-1 
-1 11:1 
-1 
-1 
-1 
-1 
-1 
-1 
-1 
-1 
-1 
-1 
-1 
-1 
-1 
-1 
-1 
-1 
-1 
-1 
-1 
-1 38:1 
-1 
-1 
-1 
-1 
-1 13:1 
-1 
-1 
-1 
-1 
-1 
-1 
-1 
-1 
-1 
-1 
-1 
-1 
-1 
-1 
-1 
-1 
-1 
-1 
-1 
-1 
-1 
-1 
-1 
-1 
-1 
-1 
-1 
-1 
-1 
-1 29:1 
-1 24:1 
-1 
-1 
-1 
-1 
-1 
-1 
-1 
-1 
-1 
-1 
-1 8:1 37:1 50:1 
-1 
-1 
-1 
-1 
-1 
-1 
-1 
-1 
-1 
-1 
-1 
-1 
-1 
-1 
-1 
-1 
-1 
-1 
-1 
-1 
-1 
-1 
-1 
-1 
-1 18:1 
-1 
-1 
-1 23:2 63:1 
-1 
-1 
-1 
-1 
-1 
-1 
-1 
-1 
-1 
-1 
-1 
-1 
-1 
-1 
-1 
-1 
-1 
-1 
-1 
-1 
-1 
-1 55:1 
-1 
-1 
-1 
-1 
-1 
-1 
-1 
-1 
-1 
-1 
-1 
-1 
-1 
-1 
-1 
-1 
-1 
-1 
-1 
-1 5:2 
-1 29:1 55:1 
-1 
-1 
-1 
-1 
-1 
-1 
-1 
-1 
-1 
-1 
-1 
-1 
-1 
-1 
-1 
-1 7:1 
-1 
-1 13:1 
-1 
-1 
-1 
-1 
-1 
-1 
-1 
-1 
-1 
-1 
-1 
-1 
-1 
-1 
-1 
-1 
-1 
-1 38:1 
-1 
-1 8:1 
-1 
-1 
-1 
-1 
-1 
-1 12:1 
-1 
-1 
-1 
-1 22:1 60:2 
-1 
-1 
-1 
-1 
-1 
-1 
-1 
-1 
-1 61:1 
-1 
-1 48:1 
-1 
-1 
-1 
-1 
-1 
-1 
-1 
-1 
-1 
-1 
-1 
-1 34:1 49:1 
-1 
-1 
-1 
-1 
-1 
-1 
-1 
-1 
-1 
-1 
-1 
-1 
-1 1:1 
-1 
-1 
-1 
-1 
-1 
-1 
-1 
-1 
-1 
-1 
-1 
-1 
-1 
-1 
-1 8:1 23:1 36:1 
-1 
-1 
-1 
-1 
-1 
-1 
-1 
-1 
-1 
-1 
-1 
-1 
-1 
-1 
-1 
-1 
-1 13:1 
-1 
-1 
-1 
-1 
-1 
-1 
-1 
-1 
-1 
-1 
-1 
-1 
-1 
-1 
-1 
-1 
-1 
-1 
-1 
-1 
-1 
-1 
-1 
-1 
-1 
-1 
-1 
-1 
-1 
-1 
-1 
-1 
-1 
-1 
-1 
-1 
-1 49:1 
-1 
-1 
-1 
-1 
-1 
-1 
-1 
-1 
-1 
-1 
-1 
-1 
-1 23:2 
-1 
-1 
-1 
-1 
-1 
-1 
-1 
-1 
-1 
-1 
-1 
-1 
-1 
-1 
-1 
-1 
-1 
-1 
-1 
-1 
-1 
-1 
-1 
-1 
-1 
-1 
-1 
-1 
-1 
-1 
-1 
-1 
-1 
-1 
-1 
-1 
-1 
-1 
-1 14:1 
-1 
-1 
-1 
-1 
-1 
-1 18:1 
-1 
-1 
-1 
-1 
-1 
-1 
-1 
-1 
-1 
-1 
-1 
-1 
-1 
-1 
-1 
-1 
-1 
-1 
-1 
-1 
-1 
-1 
-1 
-1 
-1 
-1 
-1 
-1 
-1 
-1 
-1 
-1 
-1 
-1 
-1 
-1 
-1 
-1 8:1 
-1 
-1 
-1 
-1 
-1 8:1 53:1 
-1 
-1 
-1 
-1 
-1 
-1 
-1 
-1 
-1 
-1 
-1 
-1 
-1 
-1 
-1 
-1 
-1 
-1 38:2 
-1 
-1 
-1 
-1 
-1 
-1 
-1 
-1 
-1 
-1 
-1 
-1 
-1 
-1 
-1 
-1 
-1 
-1 
-1 31:1 47:1 
-1 
-1 
-1 
-1 
-1 
-1 
-1 
-1 
-1 
-1 
-1 
-1 
-1 
-1 
-1 
-1 
-1 
-1 
-1 
-1 
-1 
-1 
-1 
-1 
-1 
-1 
-1 
-1 
-1 
-1 
-1 
-1 
-1 
-1 
-1 
-1 
-1 
-1 
-1 29:1 
-1 
-1 
-1 
-1 
-1 43:1 
-1 
-1 
-1 
-1 
-1 
-1 31:1 
-1 
-1 
-1 
-1 
-1 
-1 
-1 
-1 
-1 
-1 
-1 
-1 
-1 
-1 
-1 
-1 
-1 
-1 
-1 
-1 
-1 
-1 
-1 8:1 53:1 
-1 
-1 
-1 
-1 
-1 
-1 
-1 
-1 
-1 
-1 
-1 
-1 
-1 
-1 
-1 
-1 
-1 
-1 
-1 
-1 
-1 
-1 
-1 
-1 
-1 
-1 
-1 
-1 
-1 
-1 
-1 
-1 
-1 
-1 
-1 
-1 
-1 
-1 
-1 
-1 
-1 
-1 
-1 
-1 
-1 
-1 
-1 
-1 
-1 
-1 
-1 
-1 
-1 
-1 
-1 
-1 
-1 
-1 
-1 
-1 
-1 
-1 
-1 
-1 
-1 
-1 
-1 31:1 
-1 
-1 
-1 7:1 12:1 19:1 
-1 
-1 32:1 
-1 
-1 
-1 
-1 
-1 
-1 
-1 
-1 
-1 
-1 
-1 
-1 
-1 
-1 
-1 
-1 
-1 
-1 
-1 
-1 
-1 
-1 
-1 
-1 
-1 
-1 
-1 
-1 7:1 45:1 
-1 
-1 
-1 
-1 
-1 13:1 
-1 
-1 
-1 
-1 
-1 
-1 
-1 
-1 
-1 
-1 
-1 
-1 
-1 
-1 
-1 
-1 
-1 
-1 
-1 
-1 
-1 
-1 
-1 
-1 
-1 
-1 
-1 
-1 
-1 
-1 
-1 
-1 
-1 
-1 
-1 
-1 
-1 
-1 
-1 
-1 
-1 
-1 44:1 
-1 
-1 
-1 
-1 
-1 
-1 
-1 
-1 23:1 
-1 
-1 
-1 
-1 
-1 
-1 
-1 
-1 
-1 
-1 
-1 
-1 
-1 
-1 
-1 
-1 
-1 
-1 
-1 
-1 
-1 
-1 
-1 
-1 
-1 
-1 
-1 
-1 23:1 
-1 
-1 
-1 
-1 
-1 
-1 
-1 
-1 
-1 
-1 
-1 
-1 
-1 
-1 
-1 
-1 
-1 
-1 
-1 
-1 
-1 
-1 
-1 
-1 
-1 
-1 
-1 
-1 
-1 
-1 
-1 
-1 
-1 
-1 
-1 
-1 
-1 
-1 
-1 
-1 
-1 
-1 
-1 
-1 
-1 
-1 
-1 
-1 
-1 
-1 
-1 
-1 
-1 
-1 
-1 
-1 
-1 
-1 
-1 
-1 
-1 
-1 
-1 
-1 
-1 
-1 
-1 
-1 
-1 
-1 5:1 
-1 
-1 
-1 
-1 13:1 
-1 
-1 
-1 
-1 
-1 
-1 
-1 
-1 
-1 
-1 
-1 
-1 
-1 
-1 
-1 
-1 
-1 
-1 
-1 
-1 
-1 
-1 
-1 
-1 
-1 
-1 
-1 
-1 8:1 20:1 21:1 25:1 36:1 
-1 
-1 
-1 
-1 22:1 60:2 
-1 
-1 
-1 
-1 
-1 
-1 
-1 
-1 
-1 
-1 
-1 
-1 
-1 
-1 
-1 
-1 
-1 
-1 
-1 
-1 
-1 
-1 
-1 
-1 
-1 
-1 
-1 
-1 
-1 
-1 
-1 
-1 
-1 
-1 
-1 
-1 
-1 
-1 
-1 
-1 
-1 
-1 
-1 
-1 
-1 
-1 
-1 
-1 
-1 
-1 
-1 
-1 34:1 
-1 
-1 
-1 
-1 
-1 
-1 
-1 
-1 
-1 
-1 
-1 
-1 
-1 
-1 
-1 
-1 
-1 
-1 
-1 
-1 
-1 
-1 
-1 
-1 
-1 
-1 
-1 
-1 
-1 
-1 
-1 
-1 
-1 
-1 
-1 
-1 
-1 
-1 
-1 
-1 
-1 
-1 
-1 
-1 
-1 
-1 
-1 
-1 45:1 
-1 
-1 
-1 
-1 
-1 
-1 
-1 
-1 
-1 
-1 
-1 
-1 
-1 
-1 
-1 
-1 
-1 7:1 61:1 
-1 
-1 
-1 
-1 
-1 
-1 
-1 
-1 
-1 46:1 
-1 
-1 
-1 
-1 
-1 
-1 
-1 
-1 
-1 
-1 
-1 
-1 
-1 
-1 
-1 
-1 
-1 
-1 
-1 
-1 
-1 8:1 50:1 
-1 
-1 
-1 
-1 9:1 13:1 
-1 
-1 
-1 
-1 
-1 
-1 
-1 
-1 
-1 
-1 
-1 
-1 
-1 
-1 
-1 
-1 
-1 13:1 
-1 
-1 
-1 
-1 
-1 
-1 
-1 
-1 
-1 
-1 
-1 
-1 
-1 
-1 
-1 
-1 
-1 
-1 
-1 
-1 
-1 
-1 
-1 
-1 
-1 
-1 
-1 
-1 
-1 
-1 46:1 50:1 
-1 
-1 39:1 
-1 
-1 
-1 
-1 
-1 
-1 
-1 
-1 
-1 
-1 
-1 
-1 
-1 
-1 
-1 
-1 
-1 
-1 
-1 
-1 
-1 
-1 
-1 
-1 
-1 
-1 
-1 
-1 
-1 
-1 
-1 
-1 
-1 
-1 
-1 
-1 
-1 
-1 
-1 
-1 
-1 
-1 
-1 
-1 
-1 
-1 
-1 
-1 
-1 
-1 
-1 
-1 
-1 
-1 
-1 
-1 
-1 
-1 
-1 
-1 
-1 
-1 
-1 
-1 
-1 
-1 
-1 
-1 
-1 
-1 
-1 
-1 
-1 
-1 
-1 
-1 
-1 
-1 
-1 
-1 
-1 
-1 
-1 
-1 
-1 
-1 
-1 
-1 
-1 
-1 
-1 
-1 
-1 
-1 
-1 
-1 
-1 
-1 
-1 
-1 
-1 
-1 
-1 
-1 
-1 
-1 
-1 
-1 
-1 
-1 23:1 
-1 
-1 56:1 
-1 
-1 
-1 
-1 
-1 
-1 
-1 48:1 
-1 
-1 
-1 
-1 
-1 
-1 
-1 
-1 
-1 
-1 16:1 
-1 
-1 
-1 
-1 
-1 
-1 
-1 
-1 
-1 43:4 51:1 
-1 
-1 
-1 
-1 
-1 
-1 
-1 
-1 
-1 
-1 
-1 
-1 
-1 
-1 
-1 
-1 
-1 
-1 
-1 
-1 
-1 
-1 
-1 
-1 
-1 
-1 
-1 
-1 
-1 
-1 
-1 
-1 
-1 
-1 
-1 
-1 20:1 42:1 
-1 
-1 
-1 
-1 
-1 
-1 
-1 29:1 
-1 
-1 
-1 13:1 33:1 
-1 
-1 
-1 
-1 
-1 
-1 
-1 
-1 
-1 
-1 
-1 
-1 
-1 
-1 
-1 
-1 
-1 
-1 
-1 
-1 
-1 
-1 
-1 
-1 
-1 
-1 
-1 
-1 
-1 
-1 
-1 
-1 
-1 
-1 
-1 
-1 
-1 
-1 
-1 
-1 
-1 
-1 56:1 
-1 
-1 
-1 
-1 
-1 
-1 
-1 
-1 
-1 
-1 
-1 49:1 
-1 
-1 
-1 
-1 38:1 51:3 
-1 
-1 
-1 
-1 
-1 
-1 
-1 
-1 
-1 
-1 
-1 
-1 
-1 
-1 
-1 
-1 
-1 
-1 
-1 
-1 
-1 
-1 
-1 
-1 
-1 
-1 
-1 
-1 
-1 
-1 
-1 
-1 
-1 
-1 
-1 
-1 
-1 
-1 
-1 
-1 
-1 
-1 
-1 
-1 
-1 
-1 
-1 
-1 
-1 
-1 
-1 
-1 
-1 
-1 
-1 
-1 
-1 
-1 
-1 
-1 
-1 
-1 
-1 
-1 
-1 
-1 
-1 
-1 
-1 
-1 
-1 
-1 
-1 
-1 
-1 
-1 
-1 
-1 
-1 
-1 
-1 
-1 
-1 
-1 
-1 
-1 
-1 
-1 
-1 
-1 
-1 
-1 
-1 
-1 
-1 
-1 
-1 
-1 
-1 
-1 
-1 
-1 
-1 
-1 
-1 
-1 
-1 
-1 
-1 
-1 
-1 
-1 
-1 
-1 34:1 
-1 
-1 
-1 
-1 
-1 
-1 
-1 
-1 
-1 
-1 
-1 
-1 
-1 
-1 
-1 
-1 
-1 
-1 
-1 
-1 
-1 
-1 
-1 
-1 
-1 
-1 
-1 
-1 
-1 
-1 
-1 43:1 51:1 
-1 
-1 
-1 
-1 
-1 8:1 
-1 
-1 
-1 
-1 
-1 
-1 
-1 
-1 
-1 
-1 
-1 7:1 20:1 
-1 
-1 
-1 
-1 
-1 
-1 
-1 
-1 
-1 
-1 
-1 6:1 
-1 
-1 
-1 4:1 8:1 49:1 62:1 
-1 
-1 
-1 
-1 
-1 
-1 
-1 
-1 
-1 
-1 
-1 
-1 
-1 
-1 
-1 42:1 
-1 
-1 
-1 
-1 
-1 
-1 
-1 
-1 
-1 
-1 
-1 
-1 
-1 
-1 
-1 
-1 
-1 
-1 
-1 
-1 
-1 
-1 3:1 
-1 
-1 
-1 
-1 
-1 
-1 
-1 
-1 
-1 
-1 
-1 
-1 
-1 
-1 
-1 
-1 
-1 
-1 
-1 
-1 
-1 
-1 
-1 
-1 
-1 
-1 22:1 
-1 
-1 
-1 
-1 
-1 
-1 
-1 
-1 
-1 13:1 
-1 
-1 
-1 
-1 
-1 49:1 
-1 
-1 
-1 
-1 
-1 
-1 
-1 
-1 
-1 
-1 
-1 
-1 
-1 
-1 
-1 
-1 
-1 
-1 
-1 
-1 
-1 
-1 
-1 
-1 
-1 
-1 
-1 
-1 
-1 
-1 
-1 
-1 
-1 
-1 
-1 
-1 
-1 
-1 
-1 
-1 
-1 
-1 
-1 
-1 
-1 
-1 
-1 
-1 
-1 
-1 
-1 
-1 
-1 
-1 
-1 
-1 
-1 
-1 
-1 
-1 
-1 
-1 
-1 
-1 
-1 34:1 
-1 
-1 
-1 
-1 
-1 
-1 
-1 
-1 
-1 
-1 
-1 
-1 
-1 
-1 
-1 
-1 
-1 
-1 
-1 
-1 
-1 
-1 
-1 
-1 
-1 
-1 
-1 
-1 
-1 
-1 
-1 
-1 
-1 
-1 
-1 
-1 
-1 
-1 
-1 
-1 
-1 
-1 
-1 
-1 
-1 
-1 
-1 
-1 
-1 
-1 
-1 
-1 
-1 
-1 
-1 
-1 
-1 
-1 
-1 
-1 
-1 
-1 34:1 46:1 
-1 
-1 
-1 
-1 
-1 
-1 
-1 
-1 
-1 
-1 
-1 
-1 
-1 
-1 
-1 
-1 
-1 
-1 
-1 4:2 5:2 8:2 
-1 
-1 
-1 
-1 
-1 
-1 
-1 
-1 
-1 
-1 
-1 
-1 
-1 
-1 29:1 
-1 
-1 
-1 8:1 16:2 21:1 43:1 50:1 54:1 
-1 
-1 
-1 
-1 
-1 
-1 
-1 
-1 
-1 
-1 
-1 
-1 
-1 
-1 
-1 
-1 
-1 
-1 
-1 
-1 
-1 
-1 
-1 
-1 
-1 
-1 
-1 
-1 
-1 
-1 
-1 
-1 
-1 
-1 
-1 
-1 
-1 
-1 
-1 
-1 
-1 
-1 
-1 
-1 
-1 
-1 
-1 
-1 
-1 
-1 
-1 
-1 
-1 
-1 
-1 
-1 
-1 
-1 
-1 
-1 
-1 
-1 
-1 
-1 
-1 
-1 20:1 
-1 
-1 
-1 37:1 
-1 
-1 
-1 
-1 
-1 
-1 
-1 
-1 
-1 
-1 
-1 
-1 
-1 
-1 
-1 
-1 
-1 
-1 
-1 
-1 
-1 
-1 
-1 
-1 
-1 
-1 
-1 
-1 
-1 
-1 
-1 
-1 
-1 
-1 
-1 
-1 
-1 
-1 
-1 
-1 
-1 
-1 
-1 
-1 
-1 
-1 
-1 
-1 
-1 
-1 
-1 
-1 
-1 
-1 
-1 
-1 
-1 
-1 
-1 
-1 
-1 
-1 
-1 
-1 
-1 
-1 
-1 
-1 
-1 
-1 
-1 
-1 
-1 
-1 9:1 
-1 
-1 
-1 
-1 
-1 
-1 
-1 
-1 
-1 
-1 
-1 
-1 32:2 
-1 22:1 
-1 
-1 
-1 
-1 
-1 
-1 
-1 
-1 
-1 
-1 
-1 
-1 
-1 8:3 14:1 49:2 
-1 
-1 
-1 
-1 
-1 
-1 
-1 
-1 
-1 
-1 
-1 
-1 
-1 
-1 
-1 
-1 
-1 
-1 
-1 
-1 
-1 
-1 
-1 
-1 
-1 
-1 
-1 
-1 
-1 
-1 
-1 
-1 
-1 
-1 
-1 
-1 
-1 
-1 
-1 
-1 
-1 
-1 
-1 
-1 
-1 
-1 
-1 
-1 
-1 
-1 
-1 
-1 
-1 
-1 
-1 
-1 
-1 
-1 
-1 
-1 
-1 
-1 
-1 
-1 
-1 
-1 
-1 
-1 
-1 
-1 
-1 
-1 
-1 
-1 29:1 49:6 57:5 
-1 
-1 
-1 44:2 
-1 
-1 
-1 
-1 
-1 
-1 
-1 
-1 
-1 
-1 
-1 
-1 
-1 
-1 
-1 
-1 
-1 
-1 
-1 
-1 
-1 
-1 
-1 
-1 
-1 
-1 
-1 
-1 
-1 
-1 
-1 
-1 
-1 
-1 
-1 
-1 
-1 
-1 
-1 
-1 
-1 
-1 
-1 
-1 
-1 
-1 
-1 
-1 
-1 
-1 
-1 
-1 
-1 
-1 
-1 
-1 
-1 
-1 
-1 
-1 
-1 
-1 
-1 
-1 
-1 
-1 
-1 
-1 
-1 
-1 
-1 
-1 
-1 
-1 
-1 
-1 
-1 
-1 
-1 
-1 
-1 
-1 
-1 
-1 
-1 
-1 
-1 
-1 
-1 
-1 
-1 
-1 39:1 
-1 
-1 
-1 
-1 42:1 
-1 
-1 
-1 
-1 
-1 
-1 
-1 
-1 
-1 
-1 
-1 
-1 
-1 
-1 
-1 
-1 
-1 
-1 
-1 
-1 
-1 
-1 
-1 
-1 
-1 
-1 35:1 
-1 
-1 
-1 
-1 
-1 
-1 47:5 
-1 
-1 
-1 
-1 
-1 
-1 
-1 
-1 
-1 
-1 8:1 
-1 46:1 
-1 
-1 
-1 
-1 
-1 
-1 
-1 
-1 
-1 
-1 
-1 
-1 2:1 40:1 
-1 
-1 
-1 
-1 
-1 
-1 
-1 
-1 
-1 
-1 
-1 
-1 
-1 
-1 
-1 
-1 
-1 
-1 
-1 35:6 
-1 
-1 
-1 
-1 
-1 
-1 
-1 
-1 
-1 27:1 
-1 
-1 
-1 
-1 
-1 
-1 
-1 
-1 
-1 
-1 
-1 
-1 
-1 
-1 
-1 
-1 
-1 
-1 
-1 
-1 
-1 
-1 
-1 
-1 30:1 
-1 
-1 
-1 
-1 2:1 40:1 
-1 48:1 
-1 
-1 
-1 
-1 
-1 
-1 
-1 
-1 
-1 
-1 
-1 
-1 
-1 
-1 35:1 
-1 33:1 
-1 
-1 
-1 
-1 
-1 2:1 33:1 40:1 
-1 
-1 
-1 2:1 40:1 
-1 2:1 40:1 
-1 2:1 40:1 
-1 
-1 
-1 
-1 
-1 23:1 
-1 
-1 
-1 
-1 
-1 
-1 
-1 54:1 
-1 
-1 
-1 
-1 
-1 
-1 
-1 
-1 
-1 
-1 
-1 
-1 
-1 
-1 
-1 
-1 
-1 
-1 
-1 
-1 
-1 
-1 
-1 
-1 
-1 
-1 
-1 
-1 42:1 
-1 
-1 
-1 
-1 30:1 
-1 
-1 
-1 
-1 
-1 
-1 
-1 
-1 
-1 
-1 30:1 
-1 
-1 
-1 35:1 
-1 
-1 
-1 
-1 
-1 
-1 
-1 
-1 
-1 
-1 
-1 13:2 33:1 
-1 
-1 
-1 
-1 
-1 
-1 
-1 
-1 29:1 
-1 
-1 
-1 
-1 
-1 
-1 
-1 
-1 
-1 
-1 
-1 
-1 
-1 
-1 
-1 
-1 
-1 
-1 
-1 
-1 
-1 
-1 
-1 
-1 
-1 
-1 
-1 
-1 
-1 
-1 
-1 
-1 
-1 
-1 
-1 24:3 
-1 
-1 
-1 
-1 40:1 
-1 
-1 
-1 
-1 
-1 
-1 
-1 
-1 35:1 
-1 
-1 
-1 
-1 
-1 
-1 
-1 
-1 
-1 
-1 
-1 
-1 
-1 
-1 
-1 
-1 
-1 
-1 
-1 
-1 
-1 
-1 
-1 
-1 
-1 
-1 
-1 
-1 
-1 
-1 
-1 
-1 
-1 
-1 
-1 
-1 
-1 
-1 
-1 
-1 
-1 
-1 
-1 
-1 
-1 
-1 
-1 
-1 
-1 
-1 
-1 
-1 
-1 
-1 
-1 
-1 
-1 
-1 
-1 
-1 
-1 
-1 
-1 
-1 
-1 
-1 
-1 
-1 
-1 
-1 
-1 
-1 
-1 
-1 
-1 
-1 
-1 
-1 
-1 
-1 
-1 
-1 
-1 
-1 
-1 23:1 
-1 
-1 
-1 
-1 
-1 
-1 
-1 
-1 
-1 
-1 
-1 
-1 
-1 
-1 
-1 
-1 
-1 
-1 
-1 
-1 
-1 
-1 
-1 
-1 
-1 
-1 
-1 
-1 
-1 
-1 
-1 
-1 
-1 
-1 
-1 
-1 
-1 3:2 
-1 
-1 
-1 
-1 
-1 
-1 
-1 
-1 
-1 39:1 
-1 