-1.93261102
11.45802942
7.56650139
21.32586918
0.97405180
20.26284467
-0.10085044
0.58995106
9.91605930
26.30342652
86.95976540
13.72321985
8.12151966
5.81519337
-9.88679305
1.10267772
3.02970824
2.22776900
6.61741336
12.78643144
4.77776207
15.48693868
4.78838179
-0.24362221
1.26667680
12.01797631
2.11035115
8.32446829
12.48891659
6.20901361
13.58075865
-9.05804344
2.77686874
-3.86159992
6.57787048
21.07433293
3.17599682
-0.26048140
0.10043340
-7.71654512
-10.16886427
9.74695728
2.72254904
-0.63430576
-4.83149444
-1.81012460
21.25205116
-0.73584226
-1.82994297
-3.85359335
-6.86280953
1.16954368
5.69919746
1.29753320
-1.74153979
-1.43757274
-1.25640201
7.68943214
8.80467879
-2.57450607
1.22737806
-2.28195771
-0.52888390
1.99515534
12.37926788
3.22663568
-5.49367503
4.25048737
3.56953886
4.92764003
-0.92336277
16.06207820
2.40761812
-7.72545363
4.35545529
20.91291224
14.46962430
1.02434259
1.96018584
5.10549685
-2.12070188
28.04873153
9.33738476
8.79025305
7.87926415
14.01710692
-0.38073746
1.19734064
-4.71536775
-1.45174186
-1.90623047
-5.19745195
-6.26814787
14.46541358
2.17166347
0.02821220
-1.54303049
-3.25505538
-1.57401378
-1.54391667
33.84075914
-1.00362672
-5.49603320
-0.66055553
1.09934301
1.05463549
8.77288971
3.31140434
4.52109071
8.81092036
52.22982838
-11.43157765
-0.40891309
-2.42269702
21.44436635
3.49319270
12.82220630
0.81252736
3.20831878
6.43566170
-3.63786232
-2.38608896
2.68169230
-1.43263048
-5.67288880
-2.59771493
-4.34766037
8.31462636
3.92913791
1.57405610
-1.73807501
-6.07458109
-1.28242224
-0.73567302
7.28983892
14.34811081
11.52253345
13.25380634
0.09412350
3.05183958
8.36627676
0.05012041
1.79043878
-3.02145186
-4.66579703
10.96542208
-4.32781635
0.82920389
-0.00986369
0.34116831
-2.18544464
-0.30465677
18.83392153
-1.64635227
9.49253935
6.48477846
1.83949901
-1.58522775
-1.69329526
-2.74958361
2.85597381
7.93999951
-2.12205890
10.07704443
6.11714821
-4.23401693
3.39840412
9.47367802
0.33656772
0.54709965
-0.25399598
0.28553002
1.95309115
2.10686191
17.76872703
0.97158955
16.21365344
-3.91668677
-1.76796375
-1.26080230
-1.55992714
1.78999287
1.58405077
3.89783244
3.13077954
9.40574511
0.71331468
2.80107749
0.22004708
15.45014560
5.53472316
4.77048451
3.53125871
1.54725249
-3.27311034
-0.68904254
0.67228201
-2.35798368
6.19034547
6.85404208
-2.44739352
14.41303064
12.23649528
5.42738223
-2.92057348
8.14689605
-0.86992349
-2.96024212
-2.26900115
-5.07166536
-3.86301946
-3.72514272
-3.14106066
-0.52997073
-2.10938092
-2.74195549
4.61668867
-28.64132513
-10.70629976
-3.00702638
-1.95237260
-5.02992862
-11.30373198
-5.82215536
-32.50115262
-6.27631914
-5.10902228
-7.21774390
-4.25521112
-2.27636180
-16.32225651
-3.45983407
-22.02394107
-6.48861759
-1.48305398
-0.06380232
-4.71964590
-9.51050795
-7.65938421
-4.34390385
-3.46915231
-7.77759821
-10.89964358
-2.95848723
-9.42178686
-2.36836672
-3.91023732
-7.74505719
-3.77810742
-2.61099572
-12.17816834
2.57946148
-5.88118475
-8.08402601
-6.51361495
-0.64357757
-2.21633547
-33.92564140
-2.10747678
-4.46935369
-0.35534683
-1.13310415
-15.80911423
-5.35279994
2.01144094
-27.07108036
-57.29839609
-10.10665687
-13.86066218
-12.12081722
2.50474273
-2.30778289
-14.86471157
-1.58052549
-1.19950485
-2.48167547
1.68730265
-7.21480300
-2.97193217
-4.12002673
-14.20514690
-0.37156198
-7.17852077
-2.12041209
-9.75678187
-1.85462933
-7.15948155
-13.30374139
-3.49706262
-14.73943563
-1.88032311
-1.21828424
-5.21511023
-2.62893269
-3.35435826
-4.57479501
-4.34946896
-3.93469910
-12.42816990
-3.92706515
-12.68150792
-62.62948125
-32.53071225
-5.02185779
-6.36795478
2.33056839
-4.80937119
-1.61366402
-1.54636083
-4.19530438
-4.19205862
-1.66388887
-13.26116811
-3.74542128
1.22820530
-11.39510135
-3.33305862
-4.40094605
-4.45752938
-6.99480955
-1.34842527
-5.35350588
-28.94706802
-5.00287584
-11.08147396
-14.36008090
-2.26541853
-5.53454165
-5.79948094
-7.16875907
-2.97835285
-10.39131864
-2.76837433
-7.19866713
-8.87085205
-3.92945895
-8.22405209
-6.63093078
-4.04337139
-1.34690985
-2.21337696
-2.85060055
2.25459659
-8.19898372
0.26334512
-11.97507978
-3.43867943
-13.15695994
-2.57925150
-0.76728031
-1.27887454
-17.86410638
-2.90767394
-6.27652215
-2.17586921
-3.84121347
-17.94685504
-5.61489635
-4.46955471
-3.66803085
-3.45280179
-1.32760448
-3.49047164
-4.22196594
-8.01768993
-4.49874010
-10.78758980
-1.65818383
-7.63354442
-22.98811590
-2.69191084
-0.54255531
1.94107849
0.64899048
0.41401430
-9.70832904
-0.15464868
-5.17720132
-0.68851773
-10.25998337
-13.08829038
-5.11430492
-27.54877295
-9.27892987
-4.40839455
-6.26363537
-3.47063690
-3.01279322
-2.26618514
-3.06787564
-0.93071778
-5.94009416
5.96124535
0.06008676
-1.08077443
1.92793804
-17.36475309
-4.41513144
-1.60324434
-22.93910916
-1.26646045
-18.10089801
-1.58297770
-15.27156478
0.51929109
-8.28338731
-9.95934573
-1.31246188
-1.19367641
-2.22833049
-18.17349972
-11.89874672
-31.49709966
-6.87037256
-1.19367502
-1.24163895
-5.51697674
-15.62358522
4.56496335
-26.69892215
-32.53567271
0.10362592
-5.53420897
-15.97543891
8.60444765
-5.49740716
0.17457057
-11.17696677
-4.07783167
-9.29324019
-9.87883929
-12.93173702
-23.91213426
-1.59092128
3.80492171
-3.64694581
-3.43437105
-83.02512463
-33.47085835
0.32336547
7.29428764
-7.61690315
-30.61952764
-7.03132975
-9.15694458
-1.20838113
-0.53004141
-0.34206542
-4.60030667
-0.62416305
-2.66812568
1.89444751
6.44225031
-10.24655416
-4.31760653
-1.34177820
-0.93342555
-14.45006101
-0.82193905
3.67596456
-5.75594921
-7.17507649
-9.58469936
-7.14668522
-5.66552254
-8.20322674
-2.02034604
9.88284718
-1.32852293
-20.94092033
-31.33010670
-1.78150649
1.91238336
-7.94955746
-3.12430999
0.67824767
-17.72810794
5.48397450
-4.96046263
-6.89614413
-10.29424478
-0.54619111
-4.41824526
-6.60716392
-1.30992580
-1.01265636
-4.61400917
-3.51898350
-11.57419810
-1.30292342
-1.04589184
-3.23064193
-10.44228036
-9.23386822
-12.55705442
-12.23178324
-0.93784288
-43.74740977
-6.00619427
-16.49852065
-24.17582445
-1.09655341
-8.74310396
-2.17634576
-5.67205950
-1.60837474
-1.20737114
-3.08825214
-5.97108636
-4.10003974
-2.14361038
-4.13155003
-25.18832648
-5.65800040
-33.28607126
-1.52217339
-22.01290184
-4.34186294
-3.27160674
-9.78451160
-2.10982281
-11.75654738
-1.31465874
-3.73416797
-9.80892995
-14.74167891
-1.23014143
-19.25344829
1.55710875
-11.19894653
-9.15715327
-21.91461299
-4.76153800
-6.73457042
-5.75358053
-2.55877179
1.36369583
-4.41941311
-1.89673348
-2.23331438
-47.39478973
-2.59390256
-0.43089628
-9.21136797
-6.83363254
0.04240857
10.64417196
-24.46528803
-5.11160208
-6.23921248
-3.31578742
-8.18273952
-4.12967704
-7.47066703
-14.58493642
-10.92378187
-8.23522899
-3.63016993
-7.91125867
-3.70851908
-15.10689910
3.89394121
-27.49481575
-16.17068260
-5.23360567
-10.47231850
-5.01146097
1.10750234
-2.33817918
-10.42605529
-11.82623067
-4.49560102
-1.57405814
-9.26964924
-3.07122397
-12.07814939
-5.84975251
-15.70565373
-12.93435620
-2.04958806
-33.93164907
-7.34007517
-25.95578918
-14.51716055
-10.42051348
-2.99297798
-9.75412411
6.86942435
0.26964344
-5.22139429
-10.70780055
-2.41512773
-5.26051178
0.93169495
-4.60727197
-2.59737060
-0.15800334
-4.53365642
-2.63585623
-1.26493806
-4.47581656
0.06896036
-7.06738553
1.35632531
-14.45388563
-3.84710055
1.61097998
2.85034290
-0.30968753
-4.87325407
-14.72241764
-2.61391040
-15.74298610
-1.31672126
-3.20491837
-29.03947523
-14.54407361
-16.60996816
-10.17082184
-27.83671128
-3.47310094
-2.46627625
3.66871200
-7.65551688
-10.71691530
-10.18663311
-21.65741049
-3.89602656
-5.76517636
-5.15465080
-6.23352583
-1.18028827
-20.32969209
-1.34039537
-16.72000427
-9.09797519
-40.92642002
-11.89635340
2.80212825
-8.46671417
-19.28400210
-7.87460518
1.33769818
-32.86775498
-3.32726454
1.14842520
-7.22788647
-0.12068664
-7.26993819
5.99566878
-3.08250376
-15.72966542
-2.98083660
-24.06538741
-0.51960437
-6.44051310
-1.30177841
-47.20040432
-3.80649363
1.57771437
-0.92296561
-3.17278739
-10.28976797
-20.37137556
-7.41780117
-1.47788969
-2.68419118
-6.45242786
-0.68541295
-1.49789367
-0.91970044
3.36398918
-8.40499766
-4.96998660
-1.27402175
-26.68383099
-19.41306235
-12.78462465
-1.59367166
-1.84655480
-9.79064085
-4.17596341
-1.62761030
1.29959229
-11.32021411
-4.39892047
-7.19425491
-12.27552250
-40.38452746
-4.31553543
-17.65462516
-41.06288992
-2.61086918
9.18001145
-3.97092023
4.85943811
-13.49788099
0.74768695
-3.61590294
-7.60687176
3.85391299
-7.06712658
-2.24324113
-0.21579901
-1.76146817
-5.90703357
-2.22605520
-0.75443622
0.34852888
-5.23505375
-33.55947366
1.30599698
-34.80337827
-5.04542247
-4.67548627
-2.97964603
-1.43090794
-7.89788375
-4.00992426
-5.65579432
-0.68199664
-7.13957509
4.06599130
0.88739906
-17.17716321
-0.83547909
-3.11863805
-5.74419885
-7.91551716
-2.83400746
-2.71670303
-30.21627501
-30.73585156
-3.87196971
4.14285917
-1.86651679
-6.04924866
-7.53637306
-2.43155599
-5.59523783
-3.95325483
-7.04759922
-15.34058286
-4.26785519
-0.17461503
-2.32371635
-10.77532213
-4.92813660
-2.47921355
-1.76068237
-12.13846075
-4.23419071
