6.04017452
44.40473135
-11.41614666
4.64940822
2.10233505
-0.87994799
8.17385099
5.45523162
9.02547766
5.53783944
8.38657400
-0.05681749
17.19450473
3.49763026
0.60097808
-12.82732978
11.78975463
-0.58934696
-1.00804447
-1.19803461
-0.77519842
23.87068427
2.84994795
2.52221832
3.12442224
49.04776340
-3.92567765
24.42310041
-0.88391870
5.72130561
2.73895741
-3.22043243
-3.01787597
4.90131401
-0.97484308
-5.96309187
2.75705169
2.62572246
5.01729142
6.00357031
10.96583034
5.56473320
13.70867313
7.61269122
1.39678398
1.18432381
3.92217041
-0.74343630
10.28442813
3.42478102
1.74544450
-0.47475514
-1.12592460
10.21989796
-1.01551367
-5.03395976
15.08668826
12.42098009
-14.24025004
0.64755636
-10.28466786
11.31771287
-5.49487069
15.36885983
0.10627015
7.03818024
46.43022750
1.50853058
7.17542319
13.71745489
-2.98953965
-2.07446183
-1.64844300
-4.79448001
-0.23733660
-0.51026837
-4.79745841
-7.52431558
6.97456955
1.48357383
0.41392872
4.59509807
28.16724140
-0.50361933
-0.89338082
-4.88419102
8.19656205
1.19611666
3.50178477
18.33827095
-0.63715529
-1.00762286
3.60025067
1.08115212
-6.54576400
5.73728020
-8.35184871
-3.30618042
-2.63655721
48.70805584
5.15958390
6.06079573
16.33752324
3.91100647
-1.18170105
16.40177911
-0.03045672
7.84523856
8.45309347
-6.75137273
9.73132239
-0.98085887
-0.80538135
-0.63253334
24.68461215
17.95689833
0.92590503
6.81891442
10.21099865
-3.33565671
2.74678307
10.96462284
1.51783072
1.37117290
15.56275540
-5.84619289
0.50442203
3.47033732
4.74904432
3.04174347
2.50798803
3.76275672
14.57583018
0.90831621
1.14262653
-1.10166543
14.03507474
-0.63632138
10.02884644
6.41827659
-3.24569486
0.95372183
-4.86217692
-4.79440478
0.34756622
1.40658066
10.91694248
20.00472923
-1.98245434
6.51449973
1.97360172
-0.71981970
-3.58345270
-1.00216758
2.73182487
8.48019658
5.18700898
-2.01953932
-3.62538292
5.65148571
-13.61017053
16.81942079
1.46740673
25.07564556
15.68799972
6.67802309
3.71791461
12.81864427
-2.80769222
2.29841234
-3.08496357
-5.26737518
1.07250929
-3.01271125
13.87835070
20.09193803
-0.06443916
-0.15433166
5.37405629
10.89920336
17.12416145
-3.96047779
-0.43074866
6.59478302
-4.85848677
-5.46728549
-5.49400642
-4.48957162
-4.22970350
-5.47196662
-0.87603782
-2.22868718
-13.50922583
4.87634766
-0.81499600
-2.78380338
-3.88511768
-2.60479438
7.66892694
1.70569863
-1.56642688
-2.30567559
-4.55414081
4.26158803
-4.63297844
-2.38696240
-4.81545000
-0.74689573
-11.14653123
1.94357823
-9.54029010
-7.50546967
-2.79881883
-1.95832880
-1.05939687
-1.00387928
-6.04509105
2.96328334
-29.59511858
-1.78558646
2.61637915
-16.16023980
-0.09930714
-1.79981552
-3.24835430
-5.81887545
-5.33965568
-1.26713172
-2.67934553
-0.81897697
-3.12010121
0.81350749
-6.79740169
-18.01668872
-8.51723384
-1.97749538
-2.48974633
-7.70489062
3.85334973
-33.25729738
2.38138188
-4.13513580
2.52015216
-17.07359142
-1.99759122
-13.75630366
-6.39188000
-5.62495379
-21.96371325
-5.95915703
-17.65956240
-1.98276654
-0.82338103
-15.07605253
-6.00097846
-15.72974197
3.83917854
-5.36691180
-9.31114266
-1.78801965
-7.25736017
-7.32455632
-11.94277203
-20.97693407
-25.81154214
1.11636589
-1.06351528
-9.78798718
-4.04929671
-8.51967305
-11.07550862
-7.71706119
-3.45332160
-2.47770160
-25.90955654
-6.44266689
-1.38054970
1.20445836
-4.75295628
-1.54205808
-29.20637040
0.02031638
-16.60641817
-5.51296178
-4.98861340
-12.21010989
-15.17047236
0.56528767
-5.80004719
-29.89314240
-0.96056513
-1.97658840
-40.77813329
-5.71619548
-0.95664149
-22.82350792
-2.63107661
-4.34758010
-24.28734348
-1.18861685
0.23745996
-0.24846693
-28.45054346
-1.99638829
-0.92739031
-6.86925414
-16.36954942
-23.74981601
-8.34455071
-0.79864253
-26.72130199
-6.75113227
-3.10991342
-0.58508567
5.39357705
-1.20113428
-22.84160747
2.30998140
-1.91639546
-25.21760610
-0.34121033
-10.68189668
0.87799210
-2.54643526
-3.62470482
-7.15186562
-7.91064676
-13.97976162
-20.29459693
-6.09538365
-8.44680307
-1.12592460
-21.44492947
-2.68688586
-2.41619560
-20.87989760
-10.97240024
-13.53494584
-49.69264891
-8.17052734
-45.91664325
-3.64423025
-8.87741581
-25.94790319
-10.95436952
-6.61553800
-10.59404283
-6.14784092
1.16261396
-14.94631244
-7.36016730
-3.11797971
-26.78702902
-29.52972789
-10.97262034
-6.95931768
-11.14496401
-5.07168971
-2.43608661
-15.29859805
-13.67319894
-0.78743660
-2.56696801
-30.08725871
-2.98886120
-7.21037765
-0.43566944
-10.75849863
-59.03052091
-12.60502043
-5.68975072
-5.23467020
-2.50570181
-2.58754282
-2.11466773
-2.91111497
-2.58607789
-0.35870877
-3.12854028
-4.25018327
-1.78101371
-2.31269473
-3.47903638
-3.35412206
1.55022070
-3.01114067
-6.12390299
-26.16468699
-39.86704406
-2.32873653
9.67567747
-12.96424384
-6.38025491
-1.12593422
-3.63503739
-3.03286640
-20.86652588
-6.53035880
-2.51159922
0.18177585
-3.54460595
-3.20562268
-12.57319088
-6.10935203
-10.71582940
-3.04140608
-11.58623995
-13.61756383
-40.20939855
-13.92209866
-10.49303236
-0.98293919
-7.38870754
-15.37689078
-3.99224770
-38.87001571
-2.18797681
-3.59620130
-2.60265205
-13.00346970
-23.94980348
-5.10418378
-2.66637571
-11.56299554
-9.86978356
-0.06239602
-4.36034190
-13.87557871
-22.82891695
-3.60141500
-7.23099650
-4.17187878
1.72759504
-1.56014163
-26.70938742
-5.75225949
-1.12592457
-0.85488579
-14.62072184
-5.89681633
-4.13004145
-10.14902022
-18.82675545
-1.49838049
-2.26819805
-6.22209115
-10.03918997
-30.23109796
-1.02300297
-1.13162652
-62.78114477
-3.84927023
6.61798342
-3.66555383
-0.45336544
-0.30818375
-16.97477835
-6.69027169
-4.82604311
-3.64015307
-0.50856138
-2.76070776
0.34027664
-6.75641959
-1.23839432
-12.14356889
1.97247744
-21.24959132
-16.49675477
-22.56859282
-4.43389362
-3.06444160
-7.68345265
-9.68056126
-1.69505856
0.73125186
-3.21445346
-2.20169240
1.71232905
-13.61425728
-1.23722323
-9.15723520
-5.10542733
-13.19082745
-8.37150121
-3.98849727
-20.77390594
-12.13628446
-2.99152407
-15.00135481
-0.20390947
-5.62608731
-3.90339064
-11.71026734
1.24655122
-6.07113745
-7.90991569
2.19740882
-5.98181187
-19.16031335
-4.99998083
-38.52515947
-7.14895122
-0.59647628
23.84888285
-24.23199283
-0.65469707
1.76785543
-0.17501609
-5.79473689
-59.32675003
8.40873047
-28.06339706
-2.26676657
-6.50766083
-3.17843003
-9.86612871
-13.71036405
-9.82405482
-27.89480452
-4.66658164
-10.74874657
-16.42539320
-13.51061574
-6.01846466
-25.80953805
-13.63665838
-1.42013114
-9.07131960
-1.78144660
-26.59514004
-1.04481440
-1.65637980
-5.35224194
5.15259264
-8.11866987
-18.29726116
-3.80327387
-4.04102459
-2.64735513
-6.44115488
-16.03441503
-2.37390099
-7.78314890
-24.54300676
-0.72674145
-7.38702277
-0.97442092
-1.33308388
-27.10946104
-2.77397162
0.38770947
-0.14373587
-4.25099579
-1.83474215
-0.62534355
-5.99729898
-3.92763868
-0.46184493
-22.61541771
-12.12806577
4.15249178
2.88866987
-17.82025070
-1.52018687
-4.03702884
-0.50614876
-7.26851543
-1.32989502
-2.63847136
-9.01040553
0.31130930
-2.08049821
-5.84511474
-0.64792786
-0.61651938
-7.09643133
-6.01821564
-8.75093655
-1.21811795
4.17609552
-0.37180078
4.88643828
-24.40860270
-11.23447158
-13.19098757
-0.69409894
-2.84221757
-41.98855670
-7.19129364
-6.29833588
-23.49800257
-12.08325480
2.08464410
-7.70487643
-4.31540008
-42.71996174
-5.29354536
-12.42661350
-0.21943024
-18.11979331
-4.34756431
-2.46941284
-5.55191306
-1.22109737
1.31604495
-24.48678992
-4.12284409
-0.70286872
-8.65684582
-3.05913016
-1.62424740
-1.93742596
-6.91770693
1.31149862
-23.59202533
-5.54363063
1.78174797
-16.97387513
-18.45368757
-10.11351449
-2.66055513
-12.96948850
2.18218762
0.93217804
-2.10394882
-6.05143158
-27.94399429
-31.43493916
-8.92109097
-10.44576978
-13.83258538
-7.52095989
-6.96719339
-4.21289205
-4.07928200
-14.26402763
-1.68554206
-31.65138604
-33.61247409
0.46012548
-2.01157525
-7.21097644
-4.60608765
-101.26957192
-9.52401389
-13.40413690
-1.51341698
-1.75203301
-2.57266279
-3.41261014
-4.73257975
-7.18891387
-0.33909601
-12.39097618
-11.70550351
-4.43995356
-11.28793575
-2.73568309
-12.00260801
-5.76288878
-9.93278321
-21.48090313
-24.47090616
6.70808276
-15.44136163
2.12086360
-14.88234736
-0.62066180
-17.06287752
-14.64934569
-34.43695544
-4.42248663
-4.59171746
-4.39655292
-11.44485924
-10.89307614
-2.57715413
-4.05900763
-32.09695948
-4.43424426
-1.39653244
-10.45735499
-5.29620342
-5.24716145
-1.57640114
-1.87586859
-3.71529440
-5.91500861
-6.95164376
-7.00366924
-3.82200637
-0.17465494
-3.39694228
-0.57343498
-13.04450662
-2.56940484
-0.42960283
-6.92878268
-0.99122953
-11.82824258
-9.40985836
-14.40996359
-0.29100587
-2.52674411
-11.44320377
-1.07298177
-1.29139693
-1.38301999
-0.36852739
-4.54328994
-15.97691930
-0.51979780
-12.49156065
-4.28626786
-13.08741174
3.47204940
-3.88763645
-3.13358869
-0.57967597
0.59678501
-3.39535830
-3.08504957
-2.09137966
-3.32567482
-1.44291356
-2.82909455
4.65249388
8.17485192
-3.02062723
-0.67522355
-2.95578704
-5.51500667
-10.87922502
-11.46300205
-18.42334110
0.04599658
-2.86709552
-4.22767053
-0.03429389
-2.45642323
0.21509994
2.07251811
2.82417810
-0.94420270
-15.66585257
-10.43784577
-8.35225400
1.35063076
-1.84005256
-15.37945539
