-0.75169740
44.99484160
20.53492394
-0.72435517
-14.74307230
23.23439677
2.38239423
-2.79892162
8.55498997
-1.43922092
6.95361996
30.53153926
-10.37788954
7.19022701
16.23410324
5.67793868
-0.58737186
6.76668058
24.63982291
17.03804156
57.72143275
4.47881396
21.84139214
6.76668058
-3.93876940
28.08623734
1.55621244
11.57770912
6.28998631
-0.71458373
23.13628521
-4.64543284
-0.29295599
7.81153687
1.56590561
17.92380608
2.04504229
36.08936237
-0.05932969
0.82585171
10.58425906
8.22487020
11.06395564
15.62606024
-3.57230844
3.74978732
12.61654085
28.33671166
-5.60865055
18.82216873
1.28749540
-6.09404403
24.06747193
-3.26428542
10.04391688
16.01018983
3.68971798
6.88681606
-0.18887533
71.90603116
2.96076038
-5.07406373
14.56708651
12.33530073
-1.88867110
5.53455405
25.76303478
-0.73762812
1.72213240
4.31983332
-1.15715833
11.22301237
0.95788001
0.21334564
17.37894531
8.03389606
-7.32501434
-0.88235816
14.33916658
3.46253426
-2.17304701
22.02133591
-1.30603995
-0.44997510
-2.09226897
9.26491706
2.16763832
8.43205777
3.26648555
8.09868733
-0.85306512
2.10656856
10.44507805
-7.52540114
2.54402923
-12.25073049
-4.47372787
1.24243527
4.72258810
-1.20726193
4.48722012
14.00544977
14.88279733
22.73475190
-1.39522508
-5.69296395
5.22348462
-0.42250594
-6.79131252
-0.47740729
10.93745278
7.71195154
-0.95589690
-1.06710628
5.62341680
9.40239793
-0.53035373
5.57951972
17.77299336
4.22579193
-4.47161970
0.65780260
2.32598599
-2.83152218
-0.68865325
5.78909451
-0.09166238
-0.83448183
3.76699977
-3.16972857
9.34038870
16.54226537
11.17521438
-2.87791625
-4.13288995
12.01846706
7.59553179
20.75979544
5.73547877
-5.27768829
-0.13025507
-0.36564618
0.11356008
-3.38348222
20.00922867
10.34498650
19.42045134
-1.11334404
-3.39747441
-6.74372362
2.22463208
8.70627229
7.04491506
-0.41873358
7.51396149
22.61680768
4.41901127
23.83771794
-10.11831315
8.69417689
-3.65925993
-0.20956400
-4.21331339
-3.91835120
-1.90289614
25.14704083
-0.41127455
-1.02361608
11.44954614
6.91218652
5.57312339
-10.93047196
26.69191842
11.27541844
0.95239371
4.88081720
20.71160545
6.59829956
2.37949180
-0.68046276
-1.90723693
6.24889444
1.75977680
-2.65004061
12.30822013
16.98247095
27.43313945
13.22207443
-3.41443962
-0.29604818
-6.86835344
-1.59033142
-3.22773760
-2.89789944
-5.28424982
-2.48113759
-2.48965692
-0.45267127
5.75762281
-0.57644017
-0.96762920
-3.73771073
-4.93554393
-0.04308601
21.90817875
-8.42439083
-2.03067325
-16.13467856
0.59950624
-7.76462828
-2.71055929
-12.46441966
-11.27724912
-40.12839150
-9.30883177
2.47435962
-24.42514698
-9.67345380
-5.42223811
-1.76597571
-18.36767137
-3.47661311
-0.54222077
20.42769497
-2.49306856
-11.87751000
-60.06078218
-5.72014664
-3.18943827
6.71800963
-3.63173639
-4.03410420
-3.33345641
-6.46983255
-18.75732743
-2.83647190
-12.97399977
1.03978051
-9.65191258
-13.18065582
-7.20801750
-9.07270315
-2.37782202
-2.58966228
1.94700961
-1.87499657
1.62218552
-29.80310973
-2.10967701
-6.86388525
0.37277460
-16.26810758
-7.55255468
-0.45714869
-3.24983871
-12.08914753
-0.79027286
-53.35754716
-3.12030493
1.16958479
-8.99552659
-3.22079097
-3.41302230
-12.76217569
-3.86546371
-4.70342261
-2.46759112
-21.59686582
-13.70042229
0.38840942
-6.07492936
-5.06733139
-1.81782151
-0.50104384
-4.30414517
-2.82848956
-3.87649250
-47.16684959
-4.83019641
-4.28968770
-10.87660140
-0.27838808
3.16902559
-3.69202517
-1.63913160
-21.51075532
-2.26376604
-49.52991282
0.80666953
-6.39463209
-4.77135376
-6.16292403
-4.07679939
-2.22542704
-3.77590626
-7.75136463
-11.74198859
-1.21986205
-3.70869546
-2.88691230
2.00513506
-0.78334691
-10.34089710
-8.42465929
-1.48705815
-0.97502625
12.26077553
-4.20219445
-47.06369054
-17.77374894
-4.73743237
8.89154363
-29.27175485
-7.88825439
-6.03957240
0.77422925
-0.87206395
5.90625451
-3.93073340
-44.39468910
-0.27083037
-7.35357335
-12.34222120
-4.63861064
-24.46874544
-11.15297230
-2.85394846
-2.54359567
-5.29929942
-2.31496495
16.80624925
1.41664383
-9.58920655
-9.94620695
-6.40813452
-1.49056621
-10.21231037
-2.78145508
-3.95239581
-6.22574120
-8.08364525
1.66705139
-32.42974100
-17.45190211
-4.06535906
-1.76888849
-23.38607094
-1.59332099
-25.61883019
-8.12752717
-2.55283953
-0.42819172
-5.41861459
35.46487673
-1.81165698
-16.73121673
-14.97483762
-6.52256339
-2.50727042
-9.17457957
-1.85583613
-4.39028223
-12.29047337
-22.36703746
-1.11836610
-8.29274268
-5.92452975
1.75362764
-15.80743094
-6.83983460
-1.69698654
-9.61577136
-1.87698911
-1.45230522
-24.70369168
-5.18267851
3.53498240
-0.15337990
-0.85118825
-1.66495116
-9.26618302
-9.09602067
-6.74089366
-3.69643076
-7.86101115
-18.73089724
-23.01907847
-8.56552486
-6.43457081
-8.21998904
7.08187761
-8.33046827
-0.26404351
-11.98800097
-11.90610930
-18.86428107
-13.03889094
-7.40001701
-2.66693291
0.71358936
10.62535549
-22.78547633
7.02083222
-5.26892038
-12.94021107
-85.73816319
-2.09193146
-11.39789199
1.86942494
-5.20149068
-0.48189038
-2.53852035
-13.46810433
7.06527521
-13.75580822
-10.48471790
-0.08574235
-3.58365946
-9.94716619
-13.99938963
-5.07633792
-3.35886925
-3.93544290
-24.33107625
-4.90045800
-23.81060427
-8.70507592
-4.76612603
-53.90228511
16.03747545
-6.04061247
0.46806110
-5.77644955
-1.32973082
-1.19742047
1.50240511
-2.60074163
-2.04768704
0.95167744
-18.56947814
-5.50775524
0.14706041
-3.75568669
-8.39665135
-3.60000271
-10.74036640
-1.51504500
-1.02769109
-4.06642127
-1.50193538
-15.73169025
22.17780493
-2.89662787
0.46930149
-6.24609955
-6.09661373
-3.86010995
-6.62323237
-11.18107808
-21.51652732
2.22733582
-1.25554806
-4.71063505
-5.09434377
-9.50713294
10.29255992
-15.94326039
-40.18780036
1.59707663
-7.66109692
-34.53888649
-1.95189563
-2.24098611
-10.16028310
-4.10788339
1.88406082
-1.01718699
4.93931951
-0.94953115
-0.00370010
3.08214885
-14.54444101
17.83888136
-25.27321787
-7.20950902
2.72647165
14.93090365
-4.30814479
0.59789215
-1.25500522
-5.33372696
-2.60836912
1.21594415
-13.90125150
-9.52469178
-3.02686997
0.25154919
-16.32167100
-3.45584732
-4.67094240
-22.44119229
-9.28345663
-4.10255305
-45.47535030
-0.69277778
-2.04923489
-10.99528560
-30.06315163
1.53167012
0.44092298
-2.11703188
-28.93008680
-19.65533547
-11.68232063
-6.06378545
-1.94956544
0.04841790
-0.65017115
-45.84632106
-13.22243586
7.33900380
0.54448511
-2.06175020
-3.66408549
-2.05015660
-5.96097149
-1.69491188
-3.90661737
-4.44307976
-28.48597251
-29.78272046
-0.88249745
-8.49826350
-14.11979283
-18.13847741
1.35096856
-1.84999551
-10.54211035
-3.05406652
-12.15994522
-0.28366829
-2.48573963
-6.57880630
-16.80176222
1.28737040
-6.10591096
-5.39475150
-2.73361965
-5.45877857
-23.38490551
12.02566294
-13.82503577
-11.82814437
-4.01766194
-3.55608110
-11.85156144
-2.24259792
-2.22463395
-6.70617233
-3.63055340
-3.34723026
-2.59650935
6.22091788
-33.73695465
-1.20653473
-3.85156659
-2.09119418
-0.68754531
-58.64626376
-1.30051755
-3.97994226
-4.22051299
-87.32855940
-25.95509158
-3.79108563
9.83335430
-4.42102968
-5.61597597
-1.41932284
-8.67747065
-3.00979320
-3.26297034
-6.53492094
-6.01833875
0.56034150
-9.77146412
-14.47532936
11.58766801
-4.97269150
-38.50132282
-8.78938820
-2.87858682
-11.26192618
-2.42747603
-6.26642549
-21.58034779
-15.05072503
-38.29275434
-1.26337863
-53.59682236
-4.12969166
1.61081331
-17.49327732
-6.28743519
-8.10637834
-1.26119340
-42.18562054
-6.18876286
-20.20111414
-27.39102617
-1.18685182
-2.77267520
-29.95131734
-12.65271297
-8.25615692
-8.62529568
-5.43127030
-8.94319846
-4.37803859
0.84554358
-12.62500212
-4.00030947
1.26886323
-5.15891080
-17.69170141
-2.69670029
-2.64963713
3.57062503
-12.05542085
9.61245683
0.76227677
-7.27357915
-17.90927380
-7.05183929
-4.09042917
-23.11027292
-11.53530401
-1.44176301
-10.89826538
-29.79435828
-24.37686595
-12.69585771
-4.38587938
-8.45419510
-10.37154447
-44.89683604
-12.53919227
-5.22568979
-4.19297977
-10.60163471
-16.66123612
-2.19781565
-14.45755420
-5.91706593
-13.43595499
-69.49824169
-3.04301774
-3.35707774
-2.56455521
-23.93257685
-8.98339770
-19.52351062
-1.22533818
-6.77965699
1.51674485
-5.46424703
-3.75167891
-12.65755094
12.06969669
-8.55436061
-51.12191641
-2.49243794
-13.21622456
8.87944301
-5.22001625
-24.16809851
-47.42136338
-39.50710976
-2.88194762
-0.26825166
-3.60807677
-4.02013852
-3.66321867
1.26623961
-20.93990137
-2.30249275
-12.15352505
-11.43250758
8.40418052
-6.89658544
-0.20428516
-7.93668961
-1.86819474
-5.53612925
-7.33798691
-14.51581952
-0.13013718
10.66585457
-1.16553017
-4.70426326
-1.97403971
-4.88513067
-5.46281252
7.93157219
-4.95677190
-1.29077269
-0.74429204
-7.20357684
-1.11334300
-2.34257422
-2.85817844
-2.37959532
-1.45536363
-16.70697925
-5.05570519
-14.05641255
-1.98273449
-3.19515801
-11.79932005
-3.02213002
-21.22542462
-6.96791037
-5.09816834
-15.79201828
-4.61448708
-3.83356578
-9.82408420
-4.07441897
-12.38008063
0.56019750
-1.37284461
-4.82973935
-11.78620892
-8.12133875
0.69290015
-6.02013111
-2.52798635
-0.22230787
-7.20405341
-37.58356579
-1.24024501
-1.61522931
-3.71855008
-1.50222422
-12.11781100
-27.09463506
-4.47094068
-29.55661579
-0.37409154
3.75161250
-10.11173254
