7.45387959
19.24368514
-4.39771492
4.84354535
-0.00249809
12.55523834
3.63050575
2.92815941
11.20511355
6.47843274
15.94677199
-0.07297625
-2.29830963
4.63900997
-0.59121938
-6.12197990
3.07053870
-2.41870802
7.46327078
5.85123021
17.57557348
32.01592241
6.10816979
-0.39498762
5.36489925
4.16533483
8.36427441
-0.96144483
-1.73610614
10.95427624
9.52949485
-0.96460034
66.08411861
-2.28354895
-1.43995417
8.10100393
4.61843788
26.60805525
-3.88715489
-0.57947836
-0.00904654
-0.67453747
11.93750508
-0.90951089
-3.45512238
2.53919804
0.00745038
1.29351079
-5.48008410
-0.46997362
-1.06438715
40.82973675
21.56731893
-8.03901420
4.44252726
9.26080489
-2.58906198
3.02544136
2.80118060
8.46440153
3.06478624
-2.42613061
10.40009583
2.46769223
2.50754315
3.98337681
4.79930387
-0.42896744
18.12583008
5.40121510
-3.64010791
14.57430385
-1.97237319
1.21223960
-2.71858078
1.18267622
-1.35752691
9.68536143
8.05641288
-0.32905820
-1.88511494
10.49480272
-0.68764951
8.47382308
1.92378838
31.77368928
10.15396437
4.03655114
11.22450303
0.33666062
-0.84936176
0.66617042
-2.40968532
0.87026196
-2.80980384
-6.42776793
9.45727783
-0.79304424
-9.80276601
1.36125187
0.60041468
12.25864039
-1.59175476
5.88788227
1.66033071
0.46467467
0.71743329
-1.53580400
-7.06401256
2.56656975
7.30826513
3.58917578
15.81344784
-1.01956872
-6.66264523
21.27596847
-1.27721532
-4.35863629
7.54535398
7.78619504
17.23587476
-2.66453738
14.20884563
4.33315525
0.87642416
-5.76104945
2.94658811
-0.06638505
11.94042133
-3.68884332
3.84550070
9.55602737
47.94700775
22.83993864
2.37917877
4.96554637
5.63681254
4.92290213
-0.23997606
8.79167232
-2.72319437
1.13131821
-1.19273620
4.16323046
9.57159141
5.27268537
1.40194877
0.20310217
2.87504856
6.41045164
11.74659225
3.57190353
13.59942299
26.55841008
1.56050546
4.36522825
8.77094108
5.22374661
11.86162207
-2.31678336
-1.35451248
6.44537397
11.24155409
3.95851317
6.12388792
8.55596217
3.11909552
-2.08223379
12.34983301
7.25773049
-13.48868556
5.49370783
12.02876576
28.63670325
-1.23577519
3.31093823
-0.48436371
10.25138168
0.03449908
2.18549100
1.32559285
0.70556406
9.26090581
8.88128117
7.62080710
-2.45352379
4.22383743
-1.44504514
-10.04765616
-0.88048365
-1.46557409
-4.76634660
-2.97899642
-4.06004912
-14.70333759
-1.35916407
-14.51301642
-1.92180262
-12.28894772
-0.67020726
-3.40072759
-3.63748673
-7.31185271
-3.13735280
-8.52232481
-6.21053367
-16.18364545
-5.24002630
-14.35909331
0.45578888
-5.56068739
-1.46458940
0.24862871
0.93441419
-4.53723082
-2.40289893
1.04597721
-6.51216999
-4.86102368
-17.10291431
-3.98347037
-6.22766825
-2.58834046
-2.23775565
-2.43459921
-13.50375540
-25.61955975
-49.09936626
-11.48591768
-12.89101635
-7.86963216
-11.31689741
3.56727216
-4.24346381
-10.43268482
-4.15172823
-10.43241021
-2.35248612
-8.58781229
-13.07128569
-0.57322722
-6.87251128
1.35576050
-9.98914256
-20.46914640
-8.90411023
-6.37193045
-9.11264974
-2.41325419
-2.55306822
-21.16519387
-2.25044874
-13.61263189
-11.75488355
1.48699300
-15.97606726
-6.89270618
-1.75246947
-6.71324290
-4.75540022
-0.64905699
-9.29968870
-0.81146400
-10.21679296
-14.53558475
-3.09427317
3.75809442
-1.88469919
-5.55045496
-39.33537025
-7.76957126
-8.45610617
-12.08966638
-6.90888309
-18.79468763
-0.92279805
-1.99360668
-15.42674071
-17.66526227
-5.50411516
2.01624838
3.62354137
2.27335014
-3.00111466
-3.82721316
-6.80464806
-19.13075859
-0.90509909
-4.77507654
-7.35696043
-10.26452631
-6.86686435
-38.34769453
-4.65521896
-3.12651517
-8.44822263
-13.34019087
-3.52584275
-3.95010700
-9.99009997
-28.83040916
-4.76724556
-2.74443622
-3.51730576
-9.97186383
-44.52923144
-13.35869034
-11.02207632
-6.10827259
1.91573498
-1.18703370
-22.31931886
-0.18678770
-14.77333631
-17.53250082
-5.86390427
-12.58585257
-1.48133900
-3.86597379
-8.94166797
-5.51923758
-1.25894722
-7.75067368
-3.63339459
2.66888999
-2.18813183
-13.08012664
-1.92789102
-6.31936796
-20.94380874
-3.22462587
-0.16557452
-7.29147447
-16.25954014
-18.85835877
-13.29821662
-11.08893674
5.32729149
-5.20654839
-46.71355737
-30.45027513
-2.67710392
-3.97037705
4.53642649
-12.35797476
-7.85628510
4.54381567
-4.42039599
-3.05035457
-16.60978324
-13.55245403
1.39508055
-1.15574115
-5.92094101
-27.53508751
-18.10382500
-15.33944650
-5.77468617
-4.37127261
-6.68392213
-1.58099686
-7.04927298
-1.41847634
-34.19585278
-5.79502066
-15.61174924
-4.85114921
-2.89905488
-16.89202869
-1.42518144
-7.62184072
-0.87531764
-31.67168322
-12.30716959
-28.81900396
-6.22540298
4.46208129
2.38816368
-2.68951034
1.16084367
-4.39536976
-5.41235014
3.27576131
-9.83277795
-8.33070005
-15.37280598
-13.48612449
1.27126884
1.57399884
0.28040366
-8.64298035
-0.76130481
1.03305221
-1.22322416
-1.06645438
-29.76652013
-3.28278129
-2.61490677
-5.14032541
-0.34660842
-3.12000389
-1.08983156
-9.25506301
-9.50883516
-1.32985357
-8.30087802
-25.96929448
-8.73230841
-26.32075434
-2.23226120
-3.08139158
1.43875117
-3.06442133
-1.57859540
-4.40117372
1.96578798
-20.89396917
-37.89037335
-2.25757016
-3.04407381
-1.09162770
-5.70421431
-6.77453213
-30.56706773
-37.12147122
-2.45026339
-1.30400953
-14.21829351
-4.36269112
-19.47340881
-2.49698878
-13.11920923
0.00367488
0.03035773
-18.29755004
-6.95226373
-8.16239776
-5.21115055
-20.02235519
-36.20041234
-7.40719681
-1.00845768
-1.12899537
-1.61798415
-1.49936995
-3.84679624
-5.64623132
-3.98411995
-11.22957825
-1.09162770
-1.36652107
0.43223120
-9.21392908
-0.00488865
-1.65004346
-4.84432728
-10.42673884
-27.56838129
-16.27336090
-9.54542613
2.70465673
-19.44340276
-17.81599201
-1.94311791
-1.39007396
-2.57268380
-68.85951630
-4.38233973
-2.85459444
-8.76641054
1.90146743
-23.68706951
-3.07811526
-2.36341795
-8.66990675
-9.84873258
-2.34868893
1.73630940
-1.44063554
0.58564529
-23.28026351
-18.09795284
-9.85244032
-11.83987813
0.38030418
-4.13306697
-11.68088083
-14.70049337
0.40275085
-2.44706584
-16.30905060
-0.88933615
-1.33333543
-0.19079841
-12.89142613
7.18925319
-4.62632119
-6.93498782
-7.59296961
-5.53835435
-19.29272180
1.19105045
-0.65543808
-8.38610843
-5.28138286
1.54210171
-13.19962965
-3.59876398
-34.78132742
-5.66757219
-2.88890757
-7.07280181
2.91972873
-9.90348188
0.14663529
-0.89066107
-9.78740318
-9.82851598
1.56793218
-5.03262377
-18.22094897
-1.02379380
-5.11662045
-12.53593491
-10.08052712
0.02421391
-1.67497553
-8.26473064
-11.62400029
-8.27438286
-1.13233181
-2.08581631
-3.26143490
-1.01536001
-15.00734019
-3.45352596
-4.01152015
-4.34388264
-2.84795129
-5.43023299
1.66052764
-5.90007421
-0.95848379
0.14418944
-10.79182664
-5.34591065
-2.95031424
-1.47681402
-12.77370608
-41.21243822
-2.52440076
-1.66447817
-1.39544698
-0.69645044
-13.90640253
-35.50406550
-0.93823709
-9.27919941
-7.88222307
-2.02673599
-0.97272973
-5.61618472
-5.43390575
-20.32468476
-6.90172860
-1.88572623
-3.64757849
-6.83153812
-15.42401869
-8.13704217
-2.01518157
-16.76743060
1.31520752
-2.09007124
-1.68500649
0.06851706
-9.16574220
-1.94306861
-4.32200586
-3.05829247
-4.71025570
-3.48147800
-0.16248052
-5.41933926
-13.11611651
-3.26305032
-9.13845243
-1.15881695
2.69350557
0.79527704
-1.51896667
-7.36340984
-4.07550308
-3.59127497
-4.47882236
-2.56046630
-1.60531840
-6.23428412
0.32645897
-1.32320624
-5.32302951
-21.94848078
-1.38448585
-7.98656968
0.25590390
-1.93778071
-9.19771931
-43.37128609
-15.06448044
-1.11463889
-6.98326998
0.64878512
-10.51514841
-54.82458887
-20.95620666
-5.02979717
-8.64339649
2.85034687
0.97636224
-3.88170672
-2.52079919
-4.67418719
-6.24850387
-1.46026659
-13.77204440
-9.23656795
-14.84389637
-30.03924928
-4.57177640
-11.27407950
-7.37121449
-0.27128191
0.63016811
-13.82058616
-17.36460100
-17.40564723
-2.91653318
-12.77725200
-13.73016558
-21.11716823
2.06303378
-4.83287999
-23.33804720
-6.11644086
-9.67402408
0.65382318
-1.75025527
-17.14136399
-9.28920658
-3.83942076
-1.86506630
0.66692940
-12.16815545
1.01200905
-19.72730156
-14.26497419
-7.81142253
-1.30937722
-14.05949905
-44.81016276
-4.86864156
-3.16755797
0.02926334
-2.30627860
-39.93469277
-4.01066922
0.04075839
-9.96293488
-9.16652567
-6.21868225
-12.15943833
-8.46167787
-18.81716497
-1.20033044
-2.95900284
-6.00384762
-3.36286334
-5.44614281
-12.35602209
3.33894653
-10.20460553
3.56894747
-2.66185753
-1.23411943
-0.08277611
-4.18400374
-1.28458276
-14.98426913
-1.09156936
2.53340787
-1.21443192
2.70016591
-0.20768127
-5.78334946
-8.52882986
0.68815976
-48.17180902
-1.76383787
-17.04171920
-6.16867959
-3.77051266
-0.40955574
-23.31147380
-5.99353763
-51.56780087
0.50540302
-2.56902054
-1.50736604
-2.30527515
-1.53755186
-5.69258983
-2.58929863
-10.83810855
-3.48464898
-0.83641941
0.49751920
-13.39652605
-4.52860060
-5.56351044
-18.05994491
-3.74471682
-2.03753494
-0.48870367
3.22791204
-1.18188125
-4.56498495
-7.36335840
-2.59020338
-11.63620588
-8.63885413
-3.08448576
-0.84554682
-7.06258474
-15.39893903
-1.49841280
-0.19266367
-5.96774819
2.10009322
-0.57881072
-2.96208602
-13.98352246
-20.58107501
-3.60166350
-8.20921719
-10.25868016
0.58093648
-0.33155301
30.90200056
-3.95984685
-0.85092707
-7.45700709
